,Accession,Module,Description,Phos,Sequence,Genes,ProteinName,MouseID,Mouse Kinase,Family,MouseName,MySequence
46,A2AG06,2,"Meiosis-specific coiled-coil domain-containing protein MEIOC, org=Mus musculus",No,LIVDELR,Meioc,,,False,,,LIVDELR
107,A2ARP1,2,"Inositol hexakisphosphate and diphosphoinositol-pentakisphosphate kinase 1, org=Mus musculus",Yes,TLHs*PPLQLR,Ppip5k1,,,False,,,PPRTLHS*PPLQLRH
108,A2ARP1,2,"Inositol hexakisphosphate and diphosphoinositol-pentakisphosphate kinase 1, org=Mus musculus",Yes,KAGs*MEVLSETSSSRPGGYR,Ppip5k1,,,False,,,RNRKAGS*MEVLSET
109,A2ARP1,2,"Inositol hexakisphosphate and diphosphoinositol-pentakisphosphate kinase 1, org=Mus musculus",No,FFALFEK,Ppip5k1,,,False,,,FFALFEK
136,A2RTL5,2,"Arginine/serine-rich coiled-coil protein 2, org=Mus musculus",No,NTAMDAQEALAR,Rsrc2,,,False,,,NTAMDAQEALAR
145,A4FUP9,2,"Glycosyltransferase 1 domain-containing protein 1, org=Mus musculus",No,RLVSDPALEK,Glt1d1,,,False,,,RLVSDPALEK
146,A4Q9F0,2,"Tubulin polyglutamylase TTLL7, org=Mus musculus",No,SPLYNMK,Ttll7,,,False,,,SPLYNMK
187,B2RR83,2,"3'-5' RNA helicase YTHDC2, org=Mus musculus",No,SPSPRPNMPIR,Ythdc2,,,False,,,SPSPRPNMPIR
189,B2RRE7,2,"OTU domain-containing protein 4, org=Mus musculus",No,TAADVVSPGANSVDR,Otud4,,,False,,,TAADVVSPGANSVDR
220,B9EKR1,2,"Receptor-type tyrosine-protein phosphatase zeta, org=Mus musculus",No,ASLENTFIHNTGK,Ptprz1,,,False,,,ASLENTFIHNTGK
262,E9PVA8,2,"Stalled ribosome sensor GCN1, org=Mus musculus",No,ILPEIIPILEEGLR,Gcn1,,,False,,,ILPEIIPILEEGLR
271,E9PZJ8,2,"Activating signal cointegrator 1 complex subunit 3, org=Mus musculus",No,AVYIAPLK,Ascc3,,,False,,,AVYIAPLK
434,O08663,2,"Methionine aminopeptidase 2, org=Mus musculus",No,NFDVGHVPIRLPR,Metap2,,,False,,,NFDVGHVPIRLPR
493,O09164,2,"Extracellular superoxide dismutase [Cu-Zn], org=Mus musculus",No,VLEIWMELGR,Sod3,,,False,,,VLEIWMELGR
495,O09172,2,"Glutamate--cysteine ligase regulatory subunit, org=Mus musculus",No,LFIVGSNSSSSTR,Gclm,,,False,,,LFIVGSNSSSSTR
526,O35231,2,"Kinesin-like protein KIFC3, org=Mus musculus",No,SLSALGDVIAALR,Kifc3,,,False,,,SLSALGDVIAALR
531,O35280,2,"Serine/threonine-protein kinase Chk1, org=Mus musculus",No,DIKPENLLLDER,Chek1,CHEK1,O35280,True,CAMK_Ser/Thr_protein_kinase_family,CHK1_MOUSE,DIKPENLLLDER
676,O54804,2,"Choline kinase alpha, org=Mus musculus",No,LFGIFPQGR,Chka,,,False,,,LFGIFPQGR
698,O54950,2,"5'-AMP-activated protein kinase subunit gamma-1, org=Mus musculus",No,TYNNLDVSVTK,Prkag1,,,False,,,TYNNLDVSVTK
725,O55029,2,"Coatomer subunit beta', org=Mus musculus",No,TYLPSQVSR,Copb2,,,False,,,TYLPSQVSR
729,O55060,2,"Thiopurine S-methyltransferase, org=Mus musculus",No,LYLLTEK,Tpmt,,,False,,,LYLLTEK
776,O70194,2,"Eukaryotic translation initiation factor 3 subunit D, org=Mus musculus",No,IFHTVTTTDDPVIR,Eif3d,,,False,,,IFHTVTTTDDPVIR
782,O70251,2,"Elongation factor 1-beta, org=Mus musculus",No,LVPVGYGIK,Eef1b,,,False,,,LVPVGYGIK
788,O70305,2,"Ataxin-2, org=Mus musculus",Yes,TSPAGGTWSSVVSGVPRLs*PK,Atxn2,,,False,,,SGVPRLs*PKAALAQ
789,O70305,2,"Ataxin-2, org=Mus musculus",Yes,MSSEGPPRMs*PK,Atxn2,,,False,,,EGPPRMs*PKAALAQ
790,O70305,2,"Ataxin-2, org=Mus musculus",No,VALENDDRSEEEKYTAVQR,Atxn2,,,False,,,VALENDDRSEEEKYTAVQR
792,O70310,2,"Glycylpeptide N-tetradecanoyltransferase 1, org=Mus musculus",Yes,SGLs*PANDTGAK,Nmt1,,,False,,,HNRSGLS*PANDTGA
793,O70310,2,"Glycylpeptide N-tetradecanoyltransferase 1, org=Mus musculus",No,VAPVLIR,Nmt1,,,False,,,VAPVLIR
823,O70480,2,"Vesicle-associated membrane protein 4, org=Mus musculus",Yes,NLLEDDs*DEEEDFFLRGPSGPR,Vamp4,,,False,,,NLLEDDs*DEEEDFF
824,O70480,2,"Vesicle-associated membrane protein 4, org=Mus musculus",Yes,NLLEDDs*DEEEDFFLR,Vamp4,,,False,,,NLLEDDs*DEEEDFF
825,O70480,2,"Vesicle-associated membrane protein 4, org=Mus musculus",Yes,RNLLEDDs*DEEEDFFLR,Vamp4,,,False,,,NLLEDDs*DEEEDFF
826,O70480,2,"Vesicle-associated membrane protein 4, org=Mus musculus",No,HVQNQVDEVIDVMQENITK,Vamp4,,,False,,,HVQNQVDEVIDVMQENITK
835,O70551,2,"SRSF protein kinase 1, org=Mus musculus",No,SGAPPPSGSAVSTAPQPKPADK,Srpk1,SRPK1,O70551,True,CMGC_Ser/Thr_protein_kinase_family,SRPK1_MOUSE,SGAPPPSGSAVSTAPQPKPADK
1030,O89001,2,"Carboxypeptidase D, org=Mus musculus",No,IVIVPSLNPDGRER,Cpd,,,False,,,IVIVPSLNPDGRER
1063,P01029,2,"Complement C4-B, org=Mus musculus",Yes,DHAVDLIQKGy*MRIQQFR,C4b,,,False,,,DLIQKGy*MRIQQFR
1064,P01029,2,"Complement C4-B, org=Mus musculus",No,STQDTVVTLDALSAYWIASHTTEEK,C4b,,,False,,,STQDTVVTLDALSAYWIASHTTEEK
1081,P01837,2,"Immunoglobulin kappa constant, org=Mus musculus",No,TSTSPIVK,Igkc,,,False,,,TSTSPIVK
1087,P01887,2,"Beta-2-microglobulin, org=Mus musculus",No,TVYWDRDM,B2m,,,False,,,TVYWDRDM
1195,P07758,2,"Alpha-1-antitrypsin 1-1, org=Mus musculus",No,VINDFVEKGTQGK,Serpina1a,,,False,,,VINDFVEKGTQGK
1237,P09470,2,"Angiotensin-converting enzyme, org=Mus musculus",No,AILPFFPK,Ace,,,False,,,AILPFFPK
1288,P10630,2,"Eukaryotic initiation factor 4A-II, org=Mus musculus",No,LQAEAPHIVVGTPGR,Eif4a2,,,False,,,LQAEAPHIVVGTPGR
1419,P12970,2,"Large ribosomal subunit protein eL8, org=Mus musculus",No,VAPAPAVVK,Rpl7a,,,False,,,VAPAPAVVK
1423,P13439,2,"Uridine 5'-monophosphate synthase, org=Mus musculus",No,GILAAANRLEAAEMYR,Umps,,,False,,,GILAAANRLEAAEMYR
1448,P14106,2,"Complement C1q subcomponent subunit B, org=Mus musculus",No,VAFSALR,C1qb,,,False,,,VAFSALR
1449,P14115,2,"Large ribosomal subunit protein uL15, org=Mus musculus",No,INFDKYHPGYFGK,Rpl27a,,,False,,,INFDKYHPGYFGK
1450,P14131,2,"Small ribosomal subunit protein uS9, org=Mus musculus",No,LLEPVLLLGK,Rps16,,,False,,,LLEPVLLLGK
1455,P14206,2,"Small ribosomal subunit protein uS2, org=Mus musculus",No,FTPGTFTNQIQAAFREPR,Rpsa,,,False,,,FTPGTFTNQIQAAFREPR
1458,P14576,2,"Signal recognition particle subunit SRP54, org=Mus musculus",No,GGGALSAVAATK,Srp54,,,False,,,GGGALSAVAATK
1515,P15920,2,"V-type proton ATPase 116 kDa subunit a 2, org=Mus musculus",No,ETPPTLIR,Atp6v0a2,,,False,,,ETPPTLIR
1697,P21460,2,"Cystatin-C, org=Mus musculus",No,MLGAPEEADANEEGVRR,Cst3,,,False,,,MLGAPEEADANEEGVRR
1713,P22599,2,"Alpha-1-antitrypsin 1-2, org=Mus musculus",No,IFNNGADLSGITEENAPLKLSK,Serpina1b,,,False,,,IFNNGADLSGITEENAPLKLSK
1730,P23249,2,"Putative helicase MOV-10, org=Mus musculus",No,SLESNPEQLQAMK,Mov10,,,False,,,SLESNPEQLQAMK
1746,P24452,2,"Macrophage-capping protein, org=Mus musculus",No,MYTPIPQSGSPFPASVQDPGLHIWR,Capg,,,False,,,MYTPIPQSGSPFPASVQDPGLHIWR
1757,P24668,2,"Cation-dependent mannose-6-phosphate receptor, org=Mus musculus",No,HTLAANFNPVSEER,M6pr,,,False,,,HTLAANFNPVSEER
1760,P25444,2,"Small ribosomal subunit protein uS5, org=Mus musculus",Yes,THTRVs*VQR,Rps2,,,False,,,KTHTRVS*VQRTQAP
1761,P25444,2,"Small ribosomal subunit protein uS5, org=Mus musculus",No,GTGIVSAPVPK,Rps2,,,False,,,GTGIVSAPVPK
1834,P28650,2,"Adenylosuccinate synthetase isozyme 1, org=Mus musculus",No,VGIGAFPTEQINEIGDLLQNR,Adss1,,,False,,,VGIGAFPTEQINEIGDLLQNR
1867,P28741,2,"Kinesin-like protein KIF3A, org=Mus musculus",No,LHLVDLAGSER,Kif3a,,,False,,,LHLVDLAGSER
1879,P29391,2,"Ferritin light chain 1, org=Mus musculus",No,VAGPQPAQTGAPQGSLGEYLFER,Ftl1,,,False,,,VAGPQPAQTGAPQGSLGEYLFER
1881,P29452,2,"Caspase-1, org=Mus musculus",No,FYLFPGH,Casp1,,,False,,,FYLFPGH
1930,P32233,2,"Developmentally-regulated GTP-binding protein 1, org=Mus musculus",No,IGFVGFPSVGK,Drg1,,,False,,,IGFVGFPSVGK
1935,P32848,2,"Parvalbumin alpha, org=Mus musculus",No,SGFIEEDELGSILKGFSSDAR,Pvalb,,,False,,,SGFIEEDELGSILKGFSSDAR
2006,P35846,2,"Folate receptor alpha, org=Mus musculus",No,EKPGPEDNLHDQCSPWK,Folr1,,,False,,,EKPGPEDNLHDQCSPWK
2007,P35922,2,"Fragile X messenger ribonucleoprotein 1, org=Mus musculus",No,LQIDEQLR,Fmr1,,,False,,,LQIDEQLR
2010,P35979,2,"Large ribosomal subunit protein uL11, org=Mus musculus",No,IGPLGLSPK,Rpl12,,,False,,,IGPLGLSPK
2011,P35980,2,"Large ribosomal subunit protein eL18, org=Mus musculus",No,TNRPPLSLSR,Rpl18,,,False,,,TNRPPLSLSR
2112,P45700,2,"Mannosyl-oligosaccharide 1,2-alpha-mannosidase IA, org=Mus musculus",No,YAWGLNELKPISK,Man1a1,,,False,,,YAWGLNELKPISK
2120,P46412,2,"Glutathione peroxidase 3, org=Mus musculus",No,NSCPPTAELLGSPGR,Gpx3,,,False,,,NSCPPTAELLGSPGR
2173,P47911,2,"Large ribosomal subunit protein eL6, org=Mus musculus",No,AVPQLQGYLR,Rpl6,,,False,,,AVPQLQGYLR
2177,P47955,2,"Large ribosomal subunit protein P1, org=Mus musculus",No,AAGVSVEPFWPGLFAK,Rplp1,,,False,,,AAGVSVEPFWPGLFAK
2178,P47962,2,"Large ribosomal subunit protein uL18, org=Mus musculus",No,GAVDGGLSIPHSTK,Rpl5,,,False,,,GAVDGGLSIPHSTK
2216,P49138,2,"MAP kinase-activated protein kinase 2, org=Mus musculus",No,LTDFGFAK,Mapkapk2,MAPKAPK2,P49138,True,CAMK_Ser/Thr_protein_kinase_family,MAPK2_MOUSE,LTDFGFAK
2262,P50580,2,"Proliferation-associated protein 2G4, org=Mus musculus",Yes,s*GEDEQQEQTIAEDLVVTK,Pa2g4,,,False,,,*GEDEQQE
2263,P50580,2,"Proliferation-associated protein 2G4, org=Mus musculus",No,AFFSEVER,Pa2g4,,,False,,,AFFSEVER
2272,P51410,2,"Large ribosomal subunit protein uL6, org=Mus musculus",No,KFLDGIYVSEK,Rpl9,,,False,,,KFLDGIYVSEK
2280,P51807,2,"Dynein light chain Tctex-type 1, org=Mus musculus",No,VNQWTTNVLEQTLSQLTK,Dynlt1,,,False,,,VNQWTTNVLEQTLSQLTK
2281,P51827,2,"AF4/FMR2 family member 3, org=Mus musculus",No,ASVGSINAR,Aff3,,,False,,,ASVGSINAR
2306,P52479,2,"Ubiquitin carboxyl-terminal hydrolase 10, org=Mus musculus",Yes,TCDs*PQNPVDFISGPVPDSPFPR,Usp10,,,False,,,MPRTCDS*PQNPVDF
2307,P52479,2,"Ubiquitin carboxyl-terminal hydrolase 10, org=Mus musculus",No,EGLVPVSEDPVAIK,Usp10,,,False,,,EGLVPVSEDPVAIK
2370,P54823,2,"Probable ATP-dependent RNA helicase DDX6, org=Mus musculus",No,SIEEQLGTEIKPIPSNIDK,Ddx6,,,False,,,SIEEQLGTEIKPIPSNIDK
2375,P55065,2,"Phospholipid transfer protein, org=Mus musculus",No,GVQIPLPEGINFVR,Pltp,,,False,,,GVQIPLPEGINFVR
2401,P56380,2,"Bis(5'-nucleosyl)-tetraphosphatase [asymmetrical], org=Mus musculus",No,TVIYWLAEVKDYNVEIR,Nudt2,,,False,,,TVIYWLAEVKDYNVEIR
2441,P57722,2,"Poly(rC)-binding protein 3, org=Mus musculus",No,IVTITGPTDAIFK,Pcbp3,,,False,,,IVTITGPTDAIFK
2514,P59326,2,"YTH domain-containing family protein 1, org=Mus musculus",No,DTQEVPLEK,Ythdf1,,,False,,,DTQEVPLEK
2517,P59481,2,"VIP36-like protein, org=Mus musculus",No,LFELTGVR,Lman2l,,,False,,,LFELTGVR
2532,P60122,2,"RuvB-like 1, org=Mus musculus",No,YSVQLLTPANLLAK,Ruvbl1,,,False,,,YSVQLLTPANLLAK
2555,P60843,2,"Eukaryotic initiation factor 4A-I, org=Mus musculus",No,VLITTDLLAR,Eif4a1,,,False,,,VLITTDLLAR
2557,P60867,2,"Small ribosomal subunit protein uS10, org=Mus musculus",No,LIDLHSPSEIVK,Rps20,,,False,,,LIDLHSPSEIVK
2571,P61079,2,"Ubiquitin-conjugating enzyme E2 D3, org=Mus musculus",No,ELSDLAR,Ube2d3,,,False,,,ELSDLAR
2637,P62082,2,"Small ribosomal subunit protein eS7, org=Mus musculus",No,ELNITAAK,Rps7,,,False,,,ELNITAAK
2643,P62242,2,"Small ribosomal subunit protein eS8, org=Mus musculus",No,LTPEEEEILNK,Rps8,,,False,,,LTPEEEEILNK
2644,P62245,2,"Small ribosomal subunit protein uS8, org=Mus musculus",No,MNVLADALK,Rps15a,,,False,,,MNVLADALK
2646,P62257,2,"Ubiquitin-conjugating enzyme E2 H, org=Mus musculus",No,SPSIGFMNK,Ube2h,,,False,,,SPSIGFMNK
2649,P62264,2,"Small ribosomal subunit protein uS11, org=Mus musculus",No,IGRIEDVTPIPSDSTR,Rps14,,,False,,,IGRIEDVTPIPSDSTR
2651,P62270,2,"Small ribosomal subunit protein uS13, org=Mus musculus",No,SLVIPEKFQHILR,Rps18,,,False,,,SLVIPEKFQHILR
2652,P62274,2,"Small ribosomal subunit protein uS14, org=Mus musculus",No,DIGFIKLD,Rps29,,,False,,,DIGFIKLD
2653,P62281,2,"Small ribosomal subunit protein uS17, org=Mus musculus",No,EAIEGTYIDKK,Rps11,,,False,,,EAIEGTYIDKK
2654,P62301,2,"Small ribosomal subunit protein uS15, org=Mus musculus",No,KGLTPSQIGVILR,Rps13,,,False,,,KGLTPSQIGVILR
2679,P62631,2,"Elongation factor 1-alpha 2, org=Mus musculus",Yes,EGNASGVSLLEALDTILPPt*RPT*DKPLR,Eef1a2,,,False,,,DTILPPt*RPTDKPL
2680,P62631,2,"Elongation factor 1-alpha 2, org=Mus musculus",Yes,EGNASGVSLLEALDTILPPt*RPT*DKPLR,Eef1a2,,,False,,,LPPTRPT*DKPLRLP
2681,P62631,2,"Elongation factor 1-alpha 2, org=Mus musculus",No,VETGILRPGMVVTFAPVNITTEVK,Eef1a2,,,False,,,VETGILRPGMVVTFAPVNITTEVK
2683,P62702,2,"Small ribosomal subunit protein eS4, org=Mus musculus",Yes,TIRy*PDPLIK,Rps4x,,,False,,,DARTIRY*PDPLIKV
2684,P62702,2,"Small ribosomal subunit protein eS4, org=Mus musculus",No,IGVITNR,Rps4x,,,False,,,IGVITNR
2691,P62751,2,"Large ribosomal subunit protein uL23, org=Mus musculus",No,VNTLIRPDGEKK,Rpl23a,,,False,,,VNTLIRPDGEKK
2692,P62754,2,"Small ribosomal subunit protein eS6, org=Mus musculus",Yes,LSs*LRASTSKSESSQK,Rps6,,,False,,,KRRRLSS*LRASTSK
2693,P62754,2,"Small ribosomal subunit protein eS6, org=Mus musculus",Yes,LSs*LRAS*TSKSESSQK,Rps6,,,False,,,KRRRLSS*LRASTSK
2694,P62754,2,"Small ribosomal subunit protein eS6, org=Mus musculus",Yes,LSs*LRAS*TSKSESSQK,Rps6,,,False,,,LSSLRAS*TSKSESS
2695,P62754,2,"Small ribosomal subunit protein eS6, org=Mus musculus",Yes,LSs*LRASTSK,Rps6,,,False,,,KRRRLSS*LRASTSK
2696,P62754,2,"Small ribosomal subunit protein eS6, org=Mus musculus",No,LIEVDDER,Rps6,,,False,,,LIEVDDER
2708,P62843,2,"Small ribosomal subunit protein uS19, org=Mus musculus",No,EAPPMEKPEVVK,Rps15,,,False,,,EAPPMEKPEVVK
2709,P62849,2,"Small ribosomal subunit protein eS24, org=Mus musculus",No,ATVPKTEIREK,Rps24,,,False,,,ATVPKTEIREK
2710,P62852,2,"Small ribosomal subunit protein eS25, org=Mus musculus",Yes,LIt*PAVVSER,Rps25,,,False,,,PNYKLIT*PAVVSER
2711,P62852,2,"Small ribosomal subunit protein eS25, org=Mus musculus",No,AALQELLSK,Rps25,,,False,,,AALQELLSK
2712,P62855,2,"Small ribosomal subunit protein eS26, org=Mus musculus",No,DISEASVFDAYVLPK,Rps26,,,False,,,DISEASVFDAYVLPK
2713,P62858,2,"Small ribosomal subunit protein eS28, org=Mus musculus",No,TGSQGQCTQVR,Rps28,,,False,,,TGSQGQCTQVR
2714,P62862,2,"Ubiquitin-like FUBI-ribosomal protein eS30 fusion protein, org=Mus musculus",No,FVNVVPTFGK,Fau,,,False,,,FVNVVPTFGK
2722,P62892,2,"Large ribosomal subunit protein eL39, org=Mus musculus",No,QNRPIPQWIR,Rpl39,,,False,,,QNRPIPQWIR
2725,P62908,2,"Small ribosomal subunit protein uS3, org=Mus musculus",Yes,KPLPDHVSIVEPKDEILPTt*PISEQK,Rps3,,,False,,,DEILPTt*PISEQKG
2726,P62908,2,"Small ribosomal subunit protein uS3, org=Mus musculus",No,GGKPEPPAMPQPVPTA,Rps3,,,False,,,GGKPEPPAMPQPVPTA
2731,P62960,2,"Y-box-binding protein 1, org=Mus musculus",No,NGYGFINR,Ybx1,,,False,,,NGYGFINR
2793,P63147,2,"Ubiquitin-conjugating enzyme E2 B, org=Mus musculus",No,VSAIVEQSWNDS,Ube2b,,,False,,,VSAIVEQSWNDS
2804,P63242,2,"Eukaryotic translation initiation factor 5A-1, org=Mus musculus",Yes,ADDLDFEt*GDAGASATFPMQCSALR,Eif5a,,,False,,,DDLDFEt*GDAGASA
2805,P63242,2,"Eukaryotic translation initiation factor 5A-1, org=Mus musculus",No,VHLVGIDIFTGK,Eif5a,,,False,,,VHLVGIDIFTGK
2811,P63276,2,"Small ribosomal subunit protein eS17, org=Mus musculus",Yes,LLDFGSLs*NLQVTQPTVGMNFK,Rps17,,,False,,,LDFGSLs*NLQVTQP
2812,P63276,2,"Small ribosomal subunit protein eS17, org=Mus musculus",Yes,LLDFGs*LSNLQVTQPTVGMNFK,Rps17,,,False,,,KLLDFGS*LSNLQVT
2813,P63276,2,"Small ribosomal subunit protein eS17, org=Mus musculus",No,VCEEIAIIPSKK,Rps17,,,False,,,VCEEIAIIPSKK
2830,P63325,2,"Small ribosomal subunit protein eS10, org=Mus musculus",No,IAIYELLFK,Rps10,,,False,,,IAIYELLFK
2842,P68040,2,"Small ribosomal subunit protein RACK1, org=Mus musculus",No,IIVDELKQEVISTSSK,Rack1,,,False,,,IIVDELKQEVISTSSK
2887,P70265,2,"6-phosphofructo-2-kinase/fructose-2,6-bisphosphatase 2, org=Mus musculus",Yes,NYSVGSRPLKPLs*PLR,Pfkfb2,,,False,,,RPLKPLs*PLRALDM
2888,P70265,2,"6-phosphofructo-2-kinase/fructose-2,6-bisphosphatase 2, org=Mus musculus",Yes,NYs*VGSRPLKPLSPLR,Pfkfb2,,,False,,,RRPRNYS*VGSRPLK
2889,P70265,2,"6-phosphofructo-2-kinase/fructose-2,6-bisphosphatase 2, org=Mus musculus",No,VTYQPLDPDNYDKDLSFIK,Pfkfb2,,,False,,,VTYQPLDPDNYDKDLSFIK
2966,P70670,2,"Nascent polypeptide-associated complex subunit alpha, muscle-specific form, org=Mus musculus",No,IEDLSQQAQLAAAEK,Naca,,,False,,,IEDLSQQAQLAAAEK
3004,P83882,2,"Large ribosomal subunit protein eL42, org=Mus musculus",No,KGQVIQF,Rpl36a,,,False,,,KGQVIQF
3009,P84078,2,"ADP-ribosylation factor 1, org=Mus musculus",No,VNEAREELMR,Arf1,,,False,,,VNEAREELMR
3010,P84084,2,"ADP-ribosylation factor 5, org=Mus musculus",No,VQESADELQK,Arf5,,,False,,,VQESADELQK
3048,P97351,2,"Small ribosomal subunit protein eS1, org=Mus musculus",No,LIPDSIGKDIEK,Rps3a,,,False,,,LIPDSIGKDIEK
3052,P97364,2,"Selenide, water dikinase 2, org=Mus musculus",No,VIEVLPR,Sephs2,,,False,,,VIEVLPR
3060,P97379,2,"Ras GTPase-activating protein-binding protein 2, org=Mus musculus",Yes,VMEKPs*PLLVGR,G3bp2,,,False,,,MVMEKPS*PLLVGRE
3061,P97379,2,"Ras GTPase-activating protein-binding protein 2, org=Mus musculus",Yes,HLEELEEKSAt*PPPAEPASLPQEPPK,G3bp2,,,False,,,LEEKSAt*PPPAEPA
3062,P97379,2,"Ras GTPase-activating protein-binding protein 2, org=Mus musculus",No,VDAKPEVQSQPPR,G3bp2,,,False,,,VDAKPEVQSQPPR
3097,P97461,2,"Small ribosomal subunit protein uS7, org=Mus musculus",Yes,WSTDDVQINDISLQDy*IAVKEKY*AK,Rps5,,,False,,,DISLQDy*IAVKEKY
3098,P97461,2,"Small ribosomal subunit protein uS7, org=Mus musculus",Yes,WSTDDVQINDISLQDy*IAVKEKY*AK,Rps5,,,False,,,IAVKEKY*AKSNR
3099,P97461,2,"Small ribosomal subunit protein uS7, org=Mus musculus",No,QAVDVSPLRR,Rps5,,,False,,,QAVDVSPLRR
3118,P97765,2,"WW domain-binding protein 2, org=Mus musculus",No,DCEIKQPVFGANFIK,Wbp2,,,False,,,DCEIKQPVFGANFIK
3124,P97789,2,"5'-3' exoribonuclease 1, org=Mus musculus",No,MTPQESPPASSSSSQAAQPVSSHVETASQGHVGSQPR,Xrn1,,,False,,,MTPQESPPASSSSSQAAQPVSSHVETASQGHVGSQPR
3144,P97855,2,"Ras GTPase-activating protein-binding protein 1, org=Mus musculus",Yes,STs*PAPADVAPAQEDLR,G3bp1,,,False,,,DVQKSTS*PAPADVA
3145,P97855,2,"Ras GTPase-activating protein-binding protein 1, org=Mus musculus",No,TFSWASVTSK,G3bp1,,,False,,,TFSWASVTSK
3147,P97864,2,"Caspase-7, org=Mus musculus",No,SSIISSILLK,Casp7,,,False,,,SSIISSILLK
3160,P98086,2,"Complement C1q subcomponent subunit A, org=Mus musculus",No,GLFQVLAGGTVLQLR,C1qa,,,False,,,GLFQVLAGGTVLQLR
3172,P99027,2,"Large ribosomal subunit protein P2, org=Mus musculus",No,YVASYLLAALGGNSSPSAK,Rplp2,,,False,,,YVASYLLAALGGNSSPSAK
3188,Q00898,2,"Alpha-1-antitrypsin 1-5, org=Mus musculus",Yes,LEQDt*VFVLANYILFK,Serpina1e,,,False,,,KKLEQDT*VFVLANY
3189,Q00898,2,"Alpha-1-antitrypsin 1-5, org=Mus musculus",No,IFNSGADLSGITEENAPLKLSQAVHK,Serpina1e,,,False,,,IFNSGADLSGITEENAPLKLSQAVHK
3213,Q01730,2,"Ras suppressor protein 1, org=Mus musculus",No,LTVLPPELGNLDLTGQK,Rsu1,,,False,,,LTVLPPELGNLDLTGQK
3214,Q01768,2,"Nucleoside diphosphate kinase B, org=Mus musculus",No,DRPFFPGLVK,Nme2,,,False,,,DRPFFPGLVK
3222,Q02105,2,"Complement C1q subcomponent subunit C, org=Mus musculus",No,FNSVVTNPQGHYNPSTGK,C1qc,,,False,,,FNSVVTNPQGHYNPSTGK
3300,Q06138,2,"Calcium-binding protein 39, org=Mus musculus",No,FQNDRTEDEQFNDEKTYLVK,Cab39,,,False,,,FQNDRTEDEQFNDEKTYLVK
3308,Q07113,2,"Cation-independent mannose-6-phosphate receptor, org=Mus musculus",Yes,AEALSSLHGDDQDs*EDEVLTVPEVK,Igf2r,,,False,,,HGDDQDs*EDEVLTV
3309,Q07113,2,"Cation-independent mannose-6-phosphate receptor, org=Mus musculus",Yes,LVSFHDDs*DEDLLHI,Igf2r,,,False,,,VSFHDDs*DEDLLHI
3310,Q07113,2,"Cation-independent mannose-6-phosphate receptor, org=Mus musculus",No,DIDSLRDPSTQLR,Igf2r,,,False,,,DIDSLRDPSTQLR
3329,Q08331,2,"Calretinin, org=Mus musculus",No,KDLEIVLCSEPPV,Calb2,,,False,,,KDLEIVLCSEPPV
3359,Q0P5W1,2,"Vacuolar protein sorting-associated protein 8 homolog, org=Mus musculus",No,LALLTELSQNR,Vps8,,,False,,,LALLTELSQNR
3492,Q3TFQ1,2,"SPRY domain-containing protein 7, org=Mus musculus",No,VNLNQIPLGR,Spryd7,,,False,,,VNLNQIPLGR
3515,Q3TJZ6,2,"Protein FAM98A, org=Mus musculus",No,IEAINQAIANEYEVRR,Fam98a,,,False,,,IEAINQAIANEYEVRR
3521,Q3TLH4,2,"Protein PRRC2C, org=Mus musculus",Yes,AFGs*GIDIKPGTPPIGGR,Prrc2c,,,False,,,ELKAFGS*GIDIKPG
3522,Q3TLH4,2,"Protein PRRC2C, org=Mus musculus",No,SSSQIPAQPPVTK,Prrc2c,,,False,,,SSSQIPAQPPVTK
3676,Q3UFS0,2,"Protein zyg-11 homolog B, org=Mus musculus",No,VSGEANETQIAEALRR,Zyg11b,,,False,,,VSGEANETQIAEALRR
3890,Q3UZV7,2,"Endosome/lysosome-associated apoptosis and autophagy regulator family member 2, org=Mus musculus",No,FINDVVK,Elapor2,,,False,,,FINDVVK
3913,Q3V4B5,2,"COMM domain-containing protein 6, org=Mus musculus",No,LGMAVSSDSCR,Commd6,,,False,,,LGMAVSSDSCR
3997,Q570Y9,2,"DEP domain-containing mTOR-interacting protein, org=Mus musculus",No,MAEVLVTGEQLR,Deptor,,,False,,,MAEVLVTGEQLR
4007,Q5BKP2,2,"Ubiquitin carboxyl-terminal hydrolase 13, org=Mus musculus",No,LGTITPDGADVYSFQEEGPVSDPHLAK,Usp13,,,False,,,LGTITPDGADVYSFQEEGPVSDPHLAK
4049,Q5F2E7,2,"FMR1-interacting protein NUFIP2, org=Mus musculus",Yes,GLERNDs*WGSFDLR,Nufip2,,,False,,,GLERNDs*WGSFDLR
4050,Q5F2E7,2,"FMR1-interacting protein NUFIP2, org=Mus musculus",No,IMQETSVPALK,Nufip2,,,False,,,IMQETSVPALK
4123,Q5SSW2,2,"Proteasome activator complex subunit 4, org=Mus musculus",No,NADALRNYECLVNTLLDGVEQR,Psme4,,,False,,,NADALRNYECLVNTLLDGVEQR
4142,Q5SW19,2,"Clustered mitochondria protein homolog, org=Mus musculus",No,VVEEPYTVR,Cluh,,,False,,,VVEEPYTVR
4156,Q5SZV5,2,"Dyslexia-associated protein KIAA0319 homolog, org=Mus musculus",No,SYLTFVR,Kiaa0319,,,False,,,SYLTFVR
4180,Q5XJY5,2,"Coatomer subunit delta, org=Mus musculus",No,SFPVNSDVGVLK,Arcn1,,,False,,,SFPVNSDVGVLK
4198,Q60610,2,"Rho guanine nucleotide exchange factor TIAM1, org=Mus musculus",No,ALPSADAEANAVCEIVHVK,Tiam1,,,False,,,ALPSADAEANAVCEIVHVK
4258,Q60865,2,"Caprin-1, org=Mus musculus",No,YQEVTNNLEFAK,Caprin1,,,False,,,YQEVTNNLEFAK
4261,Q60872,2,"Eukaryotic translation initiation factor 1A, org=Mus musculus",No,DYQDNKADVILK,Eif1a,,,False,,,DYQDNKADVILK
4266,Q60899,2,"ELAV-like protein 2, org=Mus musculus",Yes,TNQAILSQLy*QSPNR,Elavl2,,,False,,,AILSQLy*QSPNRRY
4267,Q60899,2,"ELAV-like protein 2, org=Mus musculus",No,ILVDQVTGISR,Elavl2,,,False,,,ILVDQVTGISR
4302,Q60994,2,"Adiponectin, org=Mus musculus",No,VTVPNVPIR,Adipoq,,,False,,,VTVPNVPIR
4349,Q61160,2,"FAS-associated death domain protein, org=Mus musculus",No,VQSGLDLFTVLLEQNDLER,Fadd,,,False,,,VQSGLDLFTVLLEQNDLER
4359,Q61189,2,"Methylosome subunit pICln, org=Mus musculus",No,LQQPDTEAVLNGK,Clns1a,,,False,,,LQQPDTEAVLNGK
4374,Q61220,2,"Protein kinase C-binding protein NELL2, org=Mus musculus",No,CVTDPCQADTIRNDITK,Nell2,,,False,,,CVTDPCQADTIRNDITK
4411,Q61390,2,"T-complex protein 1 subunit zeta-2, org=Mus musculus",No,DGNVLLHEMQIQHPTASIIAK,Cct6b,,,False,,,DGNVLLHEMQIQHPTASIIAK
4453,Q61584,2,"RNA-binding protein FXR1, org=Mus musculus",No,VIQEIVDKSGVVR,Fxr1,,,False,,,VIQEIVDKSGVVR
4504,Q61830,2,"Macrophage mannose receptor 1, org=Mus musculus",No,AIGGELASIK,Mrc1,,,False,,,AIGGELASIK
4557,Q62167,2,"ATP-dependent RNA helicase DDX3X, org=Mus musculus",No,VGNLGLATSFFNER,Ddx3x,,,False,,,VGNLGLATSFFNER
4612,Q62384,2,"Zinc finger protein ZPR1, org=Mus musculus",No,SGGAVEPLGTR,Zpr1,,,False,,,SGGAVEPLGTR
4637,Q62426,2,"Cystatin-B, org=Mus musculus",No,QIVAGTNLFIK,Cstb,,,False,,,QIVAGTNLFIK
4644,Q62446,2,"Peptidyl-prolyl cis-trans isomerase FKBP3, org=Mus musculus",No,ARLEIEPEWAYGK,Fkbp3,,,False,,,ARLEIEPEWAYGK
4722,Q64362,2,"AKT-interacting protein, org=Mus musculus",Yes,TLAGDVKTs*PPR,Aktip,,,False,,,AGDVKTs*PPRSAPK
4723,Q64362,2,"AKT-interacting protein, org=Mus musculus",No,MNPLWSMSAGSVR,Aktip,,,False,,,MNPLWSMSAGSVR
4741,Q64514,2,"Tripeptidyl-peptidase 2, org=Mus musculus",No,VPITAVIAAK,Tpp2,,,False,,,VPITAVIAAK
4848,Q69ZN7,2,"Myoferlin, org=Mus musculus",No,VFLPKEELYMPPLVIK,Myof,,,False,,,VFLPKEELYMPPLVIK
4878,Q6A0A2,2,"La-related protein 4B, org=Mus musculus",No,EISESTPVEEVEALFKGDNLPK,Larp4b,,,False,,,EISESTPVEEVEALFKGDNLPK
4879,Q6A0A9,2,"Constitutive coactivator of PPAR-gamma-like protein 1, org=Mus musculus",No,NHMDITTPPLPPVAPEVLR,FAM120A,,,False,,,NHMDITTPPLPPVAPEVLR
4947,Q6NTA4,2,"Ras-related GTP-binding protein B, org=Mus musculus",No,SIIFANYIAR,Rragb,,,False,,,SIIFANYIAR
4957,Q6NWV3,2,"Intraflagellar transport protein 122 homolog, org=Mus musculus",No,SIELGTLTIR,Ift122,,,False,,,SIELGTLTIR
4993,Q6P1D5,2,"Seizure 6-like protein, org=Mus musculus",No,ETGTPIWTSR,Sez6l,,,False,,,ETGTPIWTSR
5015,Q6P542,2,"ATP-binding cassette sub-family F member 1, org=Mus musculus",No,SFNLPYQDAR,Abcf1,,,False,,,SFNLPYQDAR
5077,Q6PAK3,2,"Protein arginine N-methyltransferase 8, org=Mus musculus",No,ANHLDNVITIFK,Prmt8,,,False,,,ANHLDNVITIFK
5081,Q6PAM1,2,"Alpha-taxilin, org=Mus musculus",No,ALLEMAEEK,Txlna,,,False,,,ALLEMAEEK
5102,Q6PCZ4,2,"Melanoma-associated antigen E1, org=Mus musculus",No,FLDFQVLR,Magee1,,,False,,,FLDFQVLR
5105,Q6PD19,2,"Armadillo-like helical domain-containing protein 3, org=Mus musculus",No,LQDGLDQYER,Armh3,,,False,,,LQDGLDQYER
5169,Q6PGB6,2,"N-alpha-acetyltransferase 50, org=Mus musculus",No,NLKVPSGQNAETQKTDN,Naa50,,,False,,,NLKVPSGQNAETQKTDN
5170,Q6PGC1,2,"ATP-dependent RNA helicase DHX29, org=Mus musculus",No,YLNLAAR,Dhx29,,,False,,,YLNLAAR
5193,Q6PHQ8,2,"N-alpha-acetyltransferase 35, NatC auxiliary subunit, org=Mus musculus",No,MILENIPNPDREVSR,Naa35,,,False,,,MILENIPNPDREVSR
5223,Q6Q899,2,"Antiviral innate immune response receptor RIG-I, org=Mus musculus",No,NYQLELALPAKK,Rigi,,,False,,,NYQLELALPAKK
5261,Q6Y7W8,2,"GRB10-interacting GYF protein 2, org=Mus musculus",Yes,AGAEASEEVPQTSLSSARPGt*PSDHQPQEATQFER,Gigyf2,,,False,,,SSARPGt*PSDHQPQ
5262,Q6Y7W8,2,"GRB10-interacting GYF protein 2, org=Mus musculus",Yes,ALSSGGSITs*PPLSPALPK,Gigyf2,,,False,,,SGGSITs*PPLSPAL
5263,Q6Y7W8,2,"GRB10-interacting GYF protein 2, org=Mus musculus",No,AGAEASEEVPQTSLSSARPGTPSDHQPQEATQFER,Gigyf2,,,False,,,AGAEASEEVPQTSLSSARPGTPSDHQPQEATQFER
5285,Q6ZQ08,2,"CCR4-NOT transcription complex subunit 1, org=Mus musculus",No,ILPDSGGVAK,Cnot1,,,False,,,ILPDSGGVAK
5306,Q6ZWN5,2,"Small ribosomal subunit protein uS4, org=Mus musculus",No,LIGEYGLR,Rps9,,,False,,,LIGEYGLR
5311,Q6ZWU9,2,"Small ribosomal subunit protein eS27, org=Mus musculus",Yes,DLLHPs*PEEEKRK,Rps27,,,False,,,KDLLHPS*PEEEKRK
5312,Q6ZWU9,2,"Small ribosomal subunit protein eS27, org=Mus musculus",No,DLLHPSPEEEKR,Rps27,,,False,,,DLLHPSPEEEKR
5316,Q6ZWX6,2,"Eukaryotic translation initiation factor 2 subunit 1, org=Mus musculus",No,VVTDTDETELAR,Eif2s1,,,False,,,VVTDTDETELAR
5348,Q78JE5,2,"F-box only protein 22, org=Mus musculus",No,VFTFLPAK,Fbxo22,,,False,,,VFTFLPAK
5350,Q78PG9,2,"Coiled-coil domain-containing protein 25, org=Mus musculus",No,TADMDVGQIGFHR,Ccdc25,,,False,,,TADMDVGQIGFHR
5390,Q7TMK9,2,"Heterogeneous nuclear ribonucleoprotein Q, org=Mus musculus",No,AGPIWDLR,Syncrip,,,False,,,AGPIWDLR
5412,Q7TN98,2,"Cytoplasmic polyadenylation element-binding protein 4, org=Mus musculus",No,ADNIFPFPERPR,Cpeb4,,,False,,,ADNIFPFPERPR
5440,Q7TPM1,2,"Protein PRRC2B, org=Mus musculus",Yes,LKFs*DDEDEEDVVKDGR,Prrc2b,,,False,,,SEKLKFS*DDEDEED
5441,Q7TPM1,2,"Protein PRRC2B, org=Mus musculus",No,GALDLSYGPGPSLRPQNVTSWR,Prrc2b,,,False,,,GALDLSYGPGPSLRPQNVTSWR
5476,Q7TQH0,2,"Ataxin-2-like protein, org=Mus musculus",No,YIPLPQR,Atxn2l,,,False,,,YIPLPQR
5516,Q7TT45,2,"Ras-related GTP-binding protein D, org=Mus musculus",No,AFLFDVVSK,Rragd,,,False,,,AFLFDVVSK
5521,Q80SY6,2,"Adenosine deaminase-like protein, org=Mus musculus",No,TDFYLQLPK,Adal,,,False,,,TDFYLQLPK
5545,Q80TF4,2,"Kelch-like protein 13, org=Mus musculus",No,LAFVLSSNSLKR,Klhl13,,,False,,,LAFVLSSNSLKR
5619,Q80U62,2,"Run domain Beclin-1-interacting and cysteine-rich domain-containing protein, org=Mus musculus",No,LLPIPDSLPISPDDGQHADIYK,Rubcn,,,False,,,LLPIPDSLPISPDDGQHADIYK
5622,Q80U78,2,"Pumilio homolog 1, org=Mus musculus",Yes,RDs*LTGSSDLYKR,Pum1,,,False,,,SGSRRDS*LTGSSDL
5623,Q80U78,2,"Pumilio homolog 1, org=Mus musculus",No,GIFLGDQWR,Pum1,,,False,,,GIFLGDQWR
5664,Q80VJ3,2,"2'-deoxynucleoside 5'-phosphate N-hydrolase 1, org=Mus musculus",No,FQVWDYAEEEVETMLHR,Dnph1,,,False,,,FQVWDYAEEEVETMLHR
5691,Q80WJ6,2,"ATP-binding cassette sub-family C member 12, org=Mus musculus",No,DTIMKLPEK,Abcc12,,,False,,,DTIMKLPEK
5708,Q80X50,2,"Ubiquitin-associated protein 2-like, org=Mus musculus",Yes,STSAPQMSPGSs*DNQSSSPQPAQQK,Ubap2l,,,False,,,QMSPGSs*DNQSSSP
5709,Q80X50,2,"Ubiquitin-associated protein 2-like, org=Mus musculus",Yes,STSAPQMs*PGSSDNQSSSPQPAQQK,Ubap2l,,,False,,,TSAPQMs*PGSSDNQ
5710,Q80X50,2,"Ubiquitin-associated protein 2-like, org=Mus musculus",Yes,STSAPQMSPGSSDNQSSs*PQPAQQK,Ubap2l,,,False,,,SDNQSSs*PQPAQQK
5711,Q80X50,2,"Ubiquitin-associated protein 2-like, org=Mus musculus",No,IDLAVLLGK,Ubap2l,,,False,,,IDLAVLLGK
5736,Q80XI3,2,"Eukaryotic translation initiation factor 4 gamma 3, org=Mus musculus",Yes,GSs*KDLLDNQSQEEQRR,Eif4g3,,,False,,,TFLRGSS*KDLLDNQ
5737,Q80XI3,2,"Eukaryotic translation initiation factor 4 gamma 3, org=Mus musculus",No,FIGELFK,Eif4g3,,,False,,,FIGELFK
5833,Q80ZK9,2,"WD and tetratricopeptide repeats protein 1, org=Mus musculus",No,IATAPMWPNTFWSAAEDGLIR,Wdtc1,,,False,,,IATAPMWPNTFWSAAEDGLIR
5878,Q812E0,2,"Cytoplasmic polyadenylation element-binding protein 2, org=Mus musculus",No,SWIEDNVFR,Cpeb2,,,False,,,SWIEDNVFR
5989,Q8BGR9,2,"Ubiquitin-like domain-containing CTD phosphatase 1, org=Mus musculus",No,TLTGVLPER,Ublcp1,,,False,,,TLTGVLPER
6181,Q8BJW6,2,"Eukaryotic translation initiation factor 2A, org=Mus musculus",No,VATAYRPPALR,Eif2a,,,False,,,VATAYRPPALR
6203,Q8BKH7,2,"Target of rapamycin complex 2 subunit MAPKAP1, org=Mus musculus",No,AFLDNPTIILAHIR,Mapkap1,,,False,,,AFLDNPTIILAHIR
6204,Q8BKI2,2,"Trinucleotide repeat-containing gene 6B protein, org=Mus musculus",No,GMPFGMGLGNTSR,Tnrc6b,,,False,,,GMPFGMGLGNTSR
6210,Q8BKU8,2,"Transmembrane protein 87B, org=Mus musculus",No,SGPLVFR,Tmem87b,,,False,,,SGPLVFR
6214,Q8BKX6,2,"Serine/threonine-protein kinase SMG1, org=Mus musculus",No,SIEVQLLR,Smg1,SMG1,Q8BKX6,True,Atypical:_PI3/PI4-kinase_family,SMG1_MOUSE,SIEVQLLR
6219,Q8BL48,2,"RING finger protein unkempt homolog, org=Mus musculus",No,SKGPGPGGSAASSAPPAATAQVLQAQPEKPQHYTYLK,Unk,,,False,,,SKGPGPGGSAASSAPPAATAQVLQAQPEKPQHYTYLK
6247,Q8BLY2,2,"Threonine--tRNA ligase 2, cytoplasmic, org=Mus musculus",No,AAQALAAQAVASR,Tars3,,,False,,,AAQALAAQAVASR
6261,Q8BMB3,2,"Eukaryotic translation initiation factor 4E type 2, org=Mus musculus",No,QIGTFASVEQFWK,Eif4e2,,,False,,,QIGTFASVEQFWK
6282,Q8BMP6,2,"Golgi resident protein GCP60, org=Mus musculus",No,QVLLGPYNPDTSPEVGFFDVLGNDR,Acbd3,,,False,,,QVLLGPYNPDTSPEVGFFDVLGNDR
6294,Q8BNE1,2,"TRPM8 channel-associated factor 1, org=Mus musculus",No,LGSVPLTVK,Tcaf1,,,False,,,LGSVPLTVK
6324,Q8BPA8,2,"Protein DPCD, org=Mus musculus",No,TALLQDGKR,Dpcd,,,False,,,TALLQDGKR
6397,Q8BSL7,2,"ADP-ribosylation factor 2, org=Mus musculus",No,VNEAREELTR,Arf2,,,False,,,VNEAREELTR
6414,Q8BTG3,2,"T-complex protein 11-like protein 1, org=Mus musculus",No,GQIQALASPEDPIRR,Tcp11l1,,,False,,,GQIQALASPEDPIRR
6429,Q8BTJ4,2,"Bis(5'-adenosyl)-triphosphatase enpp4, org=Mus musculus",No,LLLVSFDGFR,Enpp4,,,False,,,LLLVSFDGFR
6500,Q8BVL3,2,"Sorting nexin-17, org=Mus musculus",Yes,VTSSVPLPs*GGTSSPSR,Snx17,,,False,,,SSVPLPs*GGTSSPS
6501,Q8BVL3,2,"Sorting nexin-17, org=Mus musculus",No,MHFSIPETESR,Snx17,,,False,,,MHFSIPETESR
6532,Q8BWJ3,2,"Phosphorylase b kinase regulatory subunit alpha, liver isoform, org=Mus musculus",No,DILSVMAK,Phka2,,,False,,,DILSVMAK
6550,Q8BWY4,2,"Metallo-beta-lactamase domain-containing protein 1, org=Mus musculus",No,ADGTVTLVLPR,Mblac1,,,False,,,ADGTVTLVLPR
6552,Q8BWZ3,2,"N-alpha-acetyltransferase 25, NatB auxiliary subunit, org=Mus musculus",No,TMFLPLAER,Naa25,,,False,,,TMFLPLAER
6559,Q8BX80,2,"Cytosolic endo-beta-N-acetylglucosaminidase, org=Mus musculus",No,LGEIQVVDASSLLAPLPR,Engase,,,False,,,LGEIQVVDASSLLAPLPR
6598,Q8BYI8,2,"Protein FAM234B, org=Mus musculus",No,LNLQGLR,Fam234b,,,False,,,LNLQGLR
6602,Q8BYK5,2,"Phosphatase and actin regulator 3, org=Mus musculus",No,FSDYVEVAR,Phactr3,,,False,,,FSDYVEVAR
6603,Q8BYK6,2,"YTH domain-containing family protein 3, org=Mus musculus",No,GNVGIGGSAVPPPPIK,Ythdf3,,,False,,,GNVGIGGSAVPPPPIK
6616,Q8BYY4,2,"Tetratricopeptide repeat protein 39B, org=Mus musculus",No,QLGASAMGRPEGSSAK,Ttc39b,,,False,,,QLGASAMGRPEGSSAK
6665,Q8C0C7,2,"Phenylalanine--tRNA ligase alpha subunit, org=Mus musculus",No,SLQALGEVIEAELR,Farsa,,,False,,,SLQALGEVIEAELR
6682,Q8C0L8,2,"Conserved oligomeric Golgi complex subunit 5, org=Mus musculus",No,VLTQPSQSAVR,Cog5,,,False,,,VLTQPSQSAVR
6683,Q8C0L9,2,"Glycerophosphocholine phosphodiesterase GPCPD1, org=Mus musculus",No,SAGILTLPIMSR,Gpcpd1,,,False,,,SAGILTLPIMSR
6703,Q8C129,2,"Leucyl-cystinyl aminopeptidase, org=Mus musculus",No,GFPLVTVQR,Lnpep,,,False,,,GFPLVTVQR
6737,Q8C3F2,2,"Constitutive coactivator of PPAR-gamma-like protein 2, org=Mus musculus",No,VLVDAGSALPR,Fam120c,,,False,,,VLVDAGSALPR
6796,Q8C6G1,2,"Cilia- and flagella-associated protein 410, org=Mus musculus",No,ELDTEGLETVQQTVGSR,Cfap410,,,False,,,ELDTEGLETVQQTVGSR
6929,Q8CCP0,2,"Ribosome quality control complex subunit NEMF, org=Mus musculus",No,LTEVIAAAPK,Nemf,,,False,,,LTEVIAAAPK
6942,Q8CDA1,2,"Phosphatidylinositide phosphatase SAC2, org=Mus musculus",No,PEMKVNFLKPNLK,Inpp5f,,,False,,,PEMKVNFLKPNLK
6950,Q8CDU6,2,"Probable E3 ubiquitin-protein ligase HECTD2, org=Mus musculus",No,DLSPGAPPAVAAAAPEER,Hectd2,,,False,,,DLSPGAPPAVAAAAPEER
6964,Q8CES0,2,"N-alpha-acetyltransferase 30, org=Mus musculus",No,LLSSSLTTGCSLR,Naa30,,,False,,,LLSSSLTTGCSLR
6982,Q8CFI2,2,"Ubiquitin-conjugating enzyme E2 R1, org=Mus musculus",No,ARPLVPSSQK,Cdc34,,,False,,,ARPLVPSSQK
7010,Q8CGC4,2,"Protein LSM14 homolog B, org=Mus musculus",No,SFFDNISSELK,Lsm14b,,,False,,,SFFDNISSELK
7058,Q8CHP5,2,"Partner of Y14 and mago, org=Mus musculus",No,IQAGEVSQPSREQLEK,Pym1,,,False,,,IQAGEVSQPSREQLEK
7073,Q8CHY3,2,"Dymeclin, org=Mus musculus",No,IISLFSLLSK,Dym,,,False,,,IISLFSLLSK
7099,Q8CIE6,2,"Coatomer subunit alpha, org=Mus musculus",Yes,LVGQSIIAy*LQKK,Copa,,,False,,,GQSIIAy*LQKKGYP
7100,Q8CIE6,2,"Coatomer subunit alpha, org=Mus musculus",No,TLDLPIYVTR,Copa,,,False,,,TLDLPIYVTR
7128,Q8CJ67,2,"Double-stranded RNA-binding protein Staufen homolog 2, org=Mus musculus",No,GILHLSPDVYQEMEASR,Stau2,,,False,,,GILHLSPDVYQEMEASR
7131,Q8CJG0,2,"Protein argonaute-2, org=Mus musculus",No,VLQPPSILYGGR,Ago2,,,False,,,VLQPPSILYGGR
7132,Q8CJG1,2,"Protein argonaute-1, org=Mus musculus",No,VLPAPILQYGGR,Ago1,,,False,,,VLPAPILQYGGR
7182,Q8JZY2,2,"COMM domain-containing protein 10, org=Mus musculus",No,AASAALILPESPSMK,Commd10,,,False,,,AASAALILPESPSMK
7240,Q8K0V4,2,"CCR4-NOT transcription complex subunit 3, org=Mus musculus",No,MLETILR,Cnot3,,,False,,,MLETILR
7248,Q8K135,2,"Dyslexia-associated protein KIAA0319-like protein, org=Mus musculus",No,LTPGLYEFK,Kiaa0319l,,,False,,,LTPGLYEFK
7343,Q8K2X3,2,"CST complex subunit STN1, org=Mus musculus",No,IGIGDIIR,Stn1,,,False,,,IGIGDIIR
7382,Q8K3E5,2,"Jouberin, org=Mus musculus",Yes,AVSNDNEDTNGDGVHEITSRDs*PVHPK,Ahi1,,,False,,,EITSRDs*PVHPKCL
7383,Q8K3E5,2,"Jouberin, org=Mus musculus",Yes,AVSNDNEDTNGDGVHEITs*RDSPVHPK,Ahi1,,,False,,,GVHEITs*RDSPVHP
7384,Q8K3E5,2,"Jouberin, org=Mus musculus",Yes,ERs*PPLTPK,Ahi1,,,False,,,PKVKERS*PPLTPKE
7385,Q8K3E5,2,"Jouberin, org=Mus musculus",No,EQDVDATVPENAKPKPK,Ahi1,,,False,,,EQDVDATVPENAKPKPK
7459,Q8QZY1,2,"Eukaryotic translation initiation factor 3 subunit L, org=Mus musculus",No,IQLLVFK,Eif3l,,,False,,,IQLLVFK
7498,Q8R0J8,2,"Probable gluconokinase, org=Mus musculus",No,SLPEITAAVMEALK,Idnk,,,False,,,SLPEITAAVMEALK
7535,Q8R1B4,2,"Eukaryotic translation initiation factor 3 subunit C, org=Mus musculus",Yes,QPLLLs*EDEEDTKR,Eif3c,,,False,,,KQPLLLS*EDEEDTK
7536,Q8R1B4,2,"Eukaryotic translation initiation factor 3 subunit C, org=Mus musculus",No,AKELLGQGLLLR,Eif3c,,,False,,,AKELLGQGLLLR
7578,Q8R238,2,"Serine dehydratase-like, org=Mus musculus",No,KLGIPVTIVLPEGTSVQVVR,Sdsl,,,False,,,KLGIPVTIVLPEGTSVQVVR
7595,Q8R2U0,2,"Nucleoporin SEH1, org=Mus musculus",No,VYEAPDVMNLSQWSLQHEVSCK,Seh1l,,,False,,,VYEAPDVMNLSQWSLQHEVSCK
7669,Q8R4D1,2,"Sodium/hydrogen exchanger 8, org=Mus musculus",No,YLNPFFTR,Slc9a8,,,False,,,YLNPFFTR
7670,Q8R4E6,2,"Purine-rich element-binding protein gamma, org=Mus musculus",Yes,RAs*GEEQECLD,Purg,,,False,,,MDGRRAS*GEEQECL
7671,Q8R4E6,2,"Purine-rich element-binding protein gamma, org=Mus musculus",Yes,HSAPs*PPVS*VGS*EEHPHSVLK,Purg,,,False,,,QKHSAPS*PPVSVGS
7672,Q8R4E6,2,"Purine-rich element-binding protein gamma, org=Mus musculus",Yes,HSAPs*PPVS*VGS*EEHPHSVLK,Purg,,,False,,,APSPPVS*VGSEEHP
7673,Q8R4E6,2,"Purine-rich element-binding protein gamma, org=Mus musculus",Yes,HSAPs*PPVS*VGS*EEHPHSVLK,Purg,,,False,,,PPVSVGS*EEHPHSV
7674,Q8R4E6,2,"Purine-rich element-binding protein gamma, org=Mus musculus",No,NTITVPFK,Purg,,,False,,,NTITVPFK
7681,Q8R4K2,2,"Interleukin-1 receptor-associated kinase 4, org=Mus musculus",No,KLAVAIK,Irak4,IRAK4,Q8R4K2,True,TKL_Ser/Thr_protein_kinase_family,IRAK4_MOUSE,KLAVAIK
7744,Q8VC69,2,"Solute carrier family 22 member 6, org=Mus musculus",No,LSIEVLQTSLQK,Slc22a6,,,False,,,LSIEVLQTSLQK
7747,Q8VC88,2,"Grancalcin, org=Mus musculus",No,ALTDFFR,Gca,,,False,,,ALTDFFR
7754,Q8VCC9,2,"Spondin-1, org=Mus musculus",No,AAPSAEFSVDR,Spon1,,,False,,,AAPSAEFSVDR
7931,Q8VEK2,2,"Rhomboid domain-containing protein 2, org=Mus musculus",No,FPFSLMR,Rhbdd2,,,False,,,FPFSLMR
7956,Q8VHK9,2,"ATP-dependent DNA/RNA helicase DHX36, org=Mus musculus",No,TDKDSEAQISWFAPEDHGYGTEVSSEK,Dhx36,,,False,,,TDKDSEAQISWFAPEDHGYGTEVSSEK
7980,Q8VID5,2,"ATP-dependent DNA helicase Q5, org=Mus musculus",No,AYHAGLK,Recql5,,,False,,,AYHAGLK
8030,Q91VK1,2,"eIF5-mimic protein 1, org=Mus musculus",No,LLELFPVNR,Bzw2,,,False,,,LLELFPVNR
8046,Q91VR7,2,"Microtubule-associated proteins 1A/1B light chain 3A, org=Mus musculus",No,FLVPDHVNMSELVK,Map1lc3a,,,False,,,FLVPDHVNMSELVK
8062,Q91W18,2,"Tudor domain-containing protein 3, org=Mus musculus",No,VIESSIPVEYAK,Tdrd3,,,False,,,VIESSIPVEYAK
8095,Q91WC0,2,"Actin-histidine N-methyltransferase, org=Mus musculus",No,EILNLTSELLQK,Setd3,,,False,,,EILNLTSELLQK
8100,Q91WD4,2,"UPF0415 protein C7orf25 homolog, org=Mus musculus",No,AITMTANSGFVR,,,,False,,,AITMTANSGFVR
8117,Q91WI7,2,"KICSTOR complex protein ITFG2, org=Mus musculus",No,FQVDENIR,Itfg2,,,False,,,FQVDENIR
8119,Q91WJ7,2,"SPATS2-like protein, org=Mus musculus",No,SQGGGNEADPMAK,Spats2l,,,False,,,SQGGGNEADPMAK
8123,Q91WK2,2,"Eukaryotic translation initiation factor 3 subunit H, org=Mus musculus",No,EFTAQNLGK,Eif3h,,,False,,,EFTAQNLGK
8136,Q91WR3,2,"Activating signal cointegrator 1 complex subunit 2, org=Mus musculus",No,SVFLTFLR,Ascc2,,,False,,,SVFLTFLR
8209,Q91YI4,2,"Beta-arrestin-2, org=Mus musculus",No,VYTITPLLSDNR,Arrb2,,,False,,,VYTITPLLSDNR
8228,Q91YR5,2,"eEF1A lysine and N-terminal methyltransferase, org=Mus musculus",No,LATPELLEMAQVLER,Mettl13,,,False,,,LATPELLEMAQVLER
8235,Q91YT7,2,"YTH domain-containing family protein 2, org=Mus musculus",No,SASSLLEQRPK,Ythdf2,,,False,,,SASSLLEQRPK
8274,Q91ZU1,2,"Ankyrin repeat and SOCS box protein 6, org=Mus musculus",No,LLLEGGADVK,Asb6,,,False,,,LLLEGGADVK
8318,Q921I1,2,"Serotransferrin, org=Mus musculus",No,LYLGHNYVTAIR,Tf,,,False,,,LYLGHNYVTAIR
8319,Q921I2,2,"Kelch domain-containing protein 4, org=Mus musculus",No,QVLTPSGLGVQPSPK,Klhdc4,,,False,,,QVLTPSGLGVQPSPK
8413,Q924C1,2,"Exportin-5, org=Mus musculus",No,NLPWLFK,Xpo5,,,False,,,NLPWLFK
8441,Q93092,2,"Transaldolase, org=Mus musculus",Yes,SGs*PVKR,Taldo1,,,False,,,*PVKRQRM
8442,Q93092,2,"Transaldolase, org=Mus musculus",No,LAPALSVK,Taldo1,,,False,,,LAPALSVK
8499,Q99JT9,2,"Acireductone dioxygenase, org=Mus musculus",No,TLGVLYWK,Adi1,,,False,,,TLGVLYWK
8506,Q99JX4,2,"Eukaryotic translation initiation factor 3 subunit M, org=Mus musculus",No,VMVELLGSYTEDNASQAR,Eif3m,,,False,,,VMVELLGSYTEDNASQAR
8521,Q99K46,2,"Ubiquitin carboxyl-terminal hydrolase 11, org=Mus musculus",No,IEPVEGSRDDIVVPVYLR,Usp11,,,False,,,IEPVEGSRDDIVVPVYLR
8525,Q99K70,2,"Ras-related GTP-binding protein C, org=Mus musculus",No,AIHEVFEVGVTSHR,Rragc,,,False,,,AIHEVFEVGVTSHR
8593,Q99LF4,2,"RNA-splicing ligase RtcB homolog, org=Mus musculus",Yes,IAs*PEGQDY*LKGMAAAGNYAWVNR,Rtcb,,,False,,,ACARIAS*PEGQDYL
8594,Q99LF4,2,"RNA-splicing ligase RtcB homolog, org=Mus musculus",Yes,IAs*PEGQDY*LKGMAAAGNYAWVNR,Rtcb,,,False,,,SPEGQDY*LKGMAAA
8595,Q99LF4,2,"RNA-splicing ligase RtcB homolog, org=Mus musculus",No,QIGNVAALPGIVHR,Rtcb,,,False,,,QIGNVAALPGIVHR
8600,Q99LG4,2,"Tetratricopeptide repeat protein 5, org=Mus musculus",No,LTSLLESK,Ttc5,,,False,,,LTSLLESK
8636,Q99M31,2,"Heat shock 70 kDa protein 14, org=Mus musculus",No,LMNSAEVAK,Hspa14,,,False,,,LMNSAEVAK
8749,Q99PW4,2,"EKC/KEOPS complex subunit Tp53rkb, org=Mus musculus",No,LFLSGLELVQQGAEAR,Tp53rkb,Tp53rkb,Q99PW4,True,Tyr_protein_kinase_family,PRPKB_MOUSE,LFLSGLELVQQGAEAR
8758,Q9CPR4,2,"Large ribosomal subunit protein uL22, org=Mus musculus",No,YSLDPENPTK,Rpl17,,,False,,,YSLDPENPTK
8841,Q9CQC6,2,"eIF5-mimic protein 2, org=Mus musculus",No,LMELFPANK,Bzw1,,,False,,,LMELFPANK
8852,Q9CQE8,2,"RNA transcription, translation and transport factor protein, org=Mus musculus",No,HILGFDTGDAVLNEAAQILR,RTRAF,,,False,,,HILGFDTGDAVLNEAAQILR
8860,Q9CQG1,2,"Putative glutathione-specific gamma-glutamylcyclotransferase 2, org=Mus musculus",No,NTEYLFELADSVR,Chac2,,,False,,,NTEYLFELADSVR
8865,Q9CQH7,2,"Transcription factor BTF3 homolog 4, org=Mus musculus",Yes,VQASLSANTFAITGHAEAKPITEMLPGILSQLGADSLTs*LRK,Btf3l4,,,False,,,GADSLTs*LRKLAEQ
8866,Q9CQH7,2,"Transcription factor BTF3 homolog 4, org=Mus musculus",No,LAEQFPR,Btf3l4,,,False,,,LAEQFPR
8898,Q9CQR2,2,"Small ribosomal subunit protein eS21, org=Mus musculus",No,TYGICGAIR,Rps21,,,False,,,TYGICGAIR
8915,Q9CQU3,2,"Protein RER1, org=Mus musculus",No,QNEEFRPFIR,Rer1,,,False,,,QNEEFRPFIR
8932,Q9CQX0,2,"Ubiquitin thioesterase OTUB2, org=Mus musculus",No,VLQTPNDLLAAGFEEHKFR,Otub2,,,False,,,VLQTPNDLLAAGFEEHKFR
9060,Q9CWN7,2,"CCR4-NOT transcription complex subunit 11, org=Mus musculus",No,ASFPSILSDPDPDSSNSGFDSSVASR,Cnot11,,,False,,,ASFPSILSDPDPDSSNSGFDSSVASR
9088,Q9CX13,2,"Protein cornichon homolog 4, org=Mus musculus",No,FIMVPSGNMGVFDPTEIHNR,Cnih4,,,False,,,FIMVPSGNMGVFDPTEIHNR
9099,Q9CXA2,2,"Trans-L-3-hydroxyproline dehydratase, org=Mus musculus",No,MEAALAVTR,L3hypdh,,,False,,,MEAALAVTR
9178,Q9CYU6,2,"Diphthine methyltransferase, org=Mus musculus",No,TLCSGTGCDLGSADH,Dph7,,,False,,,TLCSGTGCDLGSADH
9220,Q9CZM2,2,"Large ribosomal subunit protein eL15, org=Mus musculus",No,SLQSVAEER,Rpl15,,,False,,,SLQSVAEER
9248,Q9CZX8,2,"Small ribosomal subunit protein eS19, org=Mus musculus",No,LKVPEWVDTVK,Rps19,,,False,,,LKVPEWVDTVK
9259,Q9D067,2,"Nuclear protein MDM1, org=Mus musculus",No,SDQLGITK,Mdm1,,,False,,,SDQLGITK
9308,Q9D0R8,2,"Protein LSM12, org=Mus musculus",No,SQAQQPQKEAALSS,Lsm12,,,False,,,SQAQQPQKEAALSS
9325,Q9D154,2,"Leukocyte elastase inhibitor A, org=Mus musculus",No,LGVQDLFSSSK,Serpinb1a,,,False,,,LGVQDLFSSSK
9356,Q9D1K7,2,"Adipose-secreted signaling protein, org=Mus musculus",No,LLSVTPTSEGYSIK,Adissp,,,False,,,LLSVTPTSEGYSIK
9360,Q9D1M4,2,"Eukaryotic translation elongation factor 1 epsilon-1, org=Mus musculus",No,YSAQGER,Eef1e1,,,False,,,YSAQGER
9508,Q9D706,2,"RNA polymerase II-associated protein 3, org=Mus musculus",No,VLELEPDNFEATNELR,Rpap3,,,False,,,VLELEPDNFEATNELR
9552,Q9D823,2,"Large ribosomal subunit protein eL37, org=Mus musculus",No,KYNWSAK,Rpl37,,,False,,,KYNWSAK
9575,Q9D8E6,2,"Large ribosomal subunit protein uL4, org=Mus musculus",No,NVTLPAVFK,Rpl4,,,False,,,NVTLPAVFK
9684,Q9DB90,2,"Nonsense-mediated mRNA decay factor SMG9, org=Mus musculus",No,GMGTAAPTAMDPVVGQAK,Smg9,,,False,,,GMGTAAPTAMDPVVGQAK
9722,Q9DBN9,2,"Probable ATP-dependent RNA helicase DDX59, org=Mus musculus",No,LGADLLSEAVQK,Ddx59,,,False,,,LGADLLSEAVQK
9747,Q9DBV3,2,"Probable ATP-dependent RNA helicase DHX34, org=Mus musculus",No,IAHENTCPEAPGDDPGSEEAAPAPPQK,Dhx34,,,False,,,IAHENTCPEAPGDDPGSEEAAPAPPQK
9795,Q9DCH4,2,"Eukaryotic translation initiation factor 3 subunit F, org=Mus musculus",Yes,IQDALs*T*VLQYAEDVLSGK,Eif3f,,,False,,,RIQDALS*TVLQYAE
9796,Q9DCH4,2,"Eukaryotic translation initiation factor 3 subunit F, org=Mus musculus",Yes,IQDALs*T*VLQYAEDVLSGK,Eif3f,,,False,,,IQDALST*VLQYAED
9797,Q9DCH4,2,"Eukaryotic translation initiation factor 3 subunit F, org=Mus musculus",No,EAPNPIHLTVDTGLQHGR,Eif3f,,,False,,,EAPNPIHLTVDTGLQHGR
9885,Q9EPU0,2,"Regulator of nonsense transcripts 1, org=Mus musculus",No,EAIIPGSVYDR,Upf1,,,False,,,EAIIPGSVYDR
9959,Q9ERF3,2,"Superkiller complex protein 8, org=Mus musculus",No,VWDVGTR,Skic8,,,False,,,VWDVGTR
10065,Q9JHG7,2,"Phosphatidylinositol 4,5-bisphosphate 3-kinase catalytic subunit gamma isoform, org=Mus musculus",No,FQAAVER,Pik3cg,PIK3CG,Q9JHG7,True,Atypical:_PI3/PI4-kinase_family,PK3CG_MOUSE,FQAAVER
10074,Q9JHK5,2,"Pleckstrin, org=Mus musculus",No,EDPAYLHYYDPAGGEDPLGAVHLR,Plek,,,False,,,EDPAYLHYYDPAGGEDPLGAVHLR
10094,Q9JHZ2,2,"Progressive ankylosis protein, org=Mus musculus",No,AVYPAFDKNNPSNK,Ankh,,,False,,,AVYPAFDKNNPSNK
10117,Q9JIF0,2,"Protein arginine N-methyltransferase 1, org=Mus musculus",No,ATLYVTAIEDR,Prmt1,,,False,,,ATLYVTAIEDR
10119,Q9JIF7,2,"Coatomer subunit beta, org=Mus musculus",No,EAGELKPEEEITVGPVQK,Copb1,,,False,,,EAGELKPEEEITVGPVQK
10207,Q9JK83,2,"Partitioning defective 6 homolog beta, org=Mus musculus",No,SLDQVTDMMIANSR,Pard6b,,,False,,,SLDQVTDMMIANSR
10237,Q9JKS5,2,"Intracellular hyaluronan-binding protein 4, org=Mus musculus",Yes,KSLAASGAQQPDs*PGGPQPPGQKR,Habp4,,,False,,,GAQQPDs*PGGPQPP
10238,Q9JKS5,2,"Intracellular hyaluronan-binding protein 4, org=Mus musculus",Yes,GALGs*PVAAAGAAMQETFGCVVANR,Habp4,,,False,,,MKGALGS*PVAAAGA
10239,Q9JKS5,2,"Intracellular hyaluronan-binding protein 4, org=Mus musculus",Yes,KSLAASGAQQPDs*PGGPQPPGQK,Habp4,,,False,,,GAQQPDs*PGGPQPP
10240,Q9JKS5,2,"Intracellular hyaluronan-binding protein 4, org=Mus musculus",No,FHQLLDDESDPFDILR,Habp4,,,False,,,FHQLLDDESDPFDILR
10248,Q9JKY0,2,"CCR4-NOT transcription complex subunit 9, org=Mus musculus",No,LTSLGVIGALVK,Cnot9,,,False,,,LTSLGVIGALVK
10308,Q9JM76,2,"Actin-related protein 2/3 complex subunit 3, org=Mus musculus",No,LIGNMALLPLR,Arpc3,,,False,,,LIGNMALLPLR
10315,Q9JMB0,2,"G kinase-anchoring protein 1, org=Mus musculus",No,ASAVLSSVLTTASR,Gkap1,,,False,,,ASAVLSSVLTTASR
10326,Q9JMG1,2,"Endothelial differentiation-related factor 1, org=Mus musculus",No,AIPNNQVLGK,Edf1,,,False,,,AIPNNQVLGK
10337,Q9NWG9,2,"Melanoma-associated antigen H1, org=Mus musculus",No,ASSTPSEASSTALVQKPVTR,Mageh1,,,False,,,ASSTPSEASSTALVQKPVTR
10396,Q9QXK3,2,"Coatomer subunit gamma-2, org=Mus musculus",No,SIPLAMAPVFEQK,Copg2,,,False,,,SIPLAMAPVFEQK
10437,Q9QY36,2,"N-alpha-acetyltransferase 10, org=Mus musculus",Yes,AENKGNVLLs*SGEACREEK,Naa10,,,False,,,KGNVLLs*SGEACRE
10438,Q9QY36,2,"N-alpha-acetyltransferase 10, org=Mus musculus",No,DLTQMADELRR,Naa10,,,False,,,DLTQMADELRR
10612,Q9QZD5,2,"Rab proteins geranylgeranyltransferase component A 2, org=Mus musculus",No,TAREDLEPVVK,Chml,,,False,,,TAREDLEPVVK
10614,Q9QZD9,2,"Eukaryotic translation initiation factor 3 subunit I, org=Mus musculus",No,TERPVNSAALSPNYDHVVLGGGQEAMDVTTTSTR,Eif3i,,,False,,,TERPVNSAALSPNYDHVVLGGGQEAMDVTTTSTR
10615,Q9QZE5,2,"Coatomer subunit gamma-1, org=Mus musculus",No,SIATLAITTLLK,Copg1,,,False,,,SIATLAITTLLK
10729,Q9R1K9,2,"Centrin-2, org=Mus musculus",No,LFDDDETGKISFK,Cetn2,,,False,,,LFDDDETGKISFK
10769,Q9WTM5,2,"RuvB-like 2, org=Mus musculus",No,GLGLDDALEPR,Ruvbl2,,,False,,,GLGLDDALEPR
10790,Q9WTX2,2,"Interferon-inducible double-stranded RNA-dependent protein kinase activator A, org=Mus musculus",No,VTVGDITCTGEGTSK,Prkra,,,False,,,VTVGDITCTGEGTSK
10812,Q9WUA2,2,"Phenylalanine--tRNA ligase beta subunit, org=Mus musculus",No,TTLLPGLLK,Farsb,,,False,,,TTLLPGLLK
10826,Q9WUD8,2,"Fas apoptotic inhibitory molecule 1, org=Mus musculus",No,LVGKETFFVGAAK,Faim,,,False,,,LVGKETFFVGAAK
10850,Q9WV03,2,"Protein FAM50A, org=Mus musculus",Yes,IAEENIMKs*NIDK,Fam50a,,,False,,,EENIMKs*NIDKKFS
10851,Q9WV03,2,"Protein FAM50A, org=Mus musculus",No,IAEENIMK,Fam50a,,,False,,,IAEENIMK
10962,Q9Z0N1,2,"Eukaryotic translation initiation factor 2 subunit 3, X-linked, org=Mus musculus",No,LTPLSHEVISR,Eif2s3x,,,False,,,LTPLSHEVISR
10963,Q9Z0N2,2,"Eukaryotic translation initiation factor 2 subunit 3, Y-linked, org=Mus musculus",No,SCGSSTPDEFPSDIPGTK,Eif2s3y,,,False,,,SCGSSTPDEFPSDIPGTK
10992,Q9Z108,2,"Double-stranded RNA-binding protein Staufen homolog 1, org=Mus musculus",No,MYKPVDPHSR,Stau1,,,False,,,MYKPVDPHSR
11015,Q9Z1D1,2,"Eukaryotic translation initiation factor 3 subunit G, org=Mus musculus",Yes,GIPLPTGDTs*PEPELLPGDPLPPPK,Eif3g,,,False,,,LPTGDTs*PEPELLP
11016,Q9Z1D1,2,"Eukaryotic translation initiation factor 3 subunit G, org=Mus musculus",No,YVPPSLR,Eif3g,,,False,,,YVPPSLR
11116,Q9Z2L7,2,"Cytokine receptor-like factor 3, org=Mus musculus",No,GAMEPEPEVLLQEAR,Crlf3,,,False,,,GAMEPEPEVLLQEAR
11140,Q9Z2X8,2,"Kelch-like ECH-associated protein 1, org=Mus musculus",No,FYVQALLR,Keap1,,,False,,,FYVQALLR
